u <- c(3,7,9)
v <- c(10,20,30)
# 13 27 39
u+v
# -7 -13 -21
v-u
# 30 140 270
u*v
# 0.3 0.35 0.30
u/v
# 5.904900e+04 7.979227e+16 4.239116e+28
u**v