u <- c(8,9,10)
v <- c(1,2,3)

w <- (u+0.5 * v)^2

w1 <- 0.5*v
w1 <- u+w1
w1 <- w1^2

x <- (u+2)+(u-5)+v

x1 <- u+2
x1 <- x1+u-5
x1 <- x1+v

y <- (u+2)/((u-5)*v)

y1 <- u+2
y1 <- u-5
y1 <- y1*v
y1 <- z/y1


# 72.25 100.00 132.25
w
# 72.25 100.00 132.25
w1
# 14 17 20
x
# 14 17 20
x1
# 3.333333 1.375000 0.800000
y
# 3.333333 1.375000 0.800000
y1